398
589
1119
639
554
57
1112
61
366
2143
1114
184
260
64
19
688
257
495
278
636
714
1092
1086
661
96
1978
1305
216
552
107
143
1069
1327
426
215
1285
244
1280
1128
131
40
3256
2111
1311
197
1466
66
931
69
2249
214
1481
599
1838
316
1612
292
318
1318
713
505
2070
1121
819
1109
202
650
1082
675
21
912
320
1929
259
112
110
3041
419
1411
75
143
996
670
276
731
1129
1473
1125
120
1371
849
171
86
1161
2177
92
979
1375
287
161
308
326
1143
2022
26
205
851
1262
585
759
291
1347
1991
115
242
259
1874
727
26
508
2
730
384
294
83
393
419
116
603
1311
197
1466
66
931
69
2249
214
1481
599
1838
316
1612
292
318
1318
713
505
2070
1121
819
1109
202
650
1082
675
21
912
320
1929
259
112
110
3041
419
1411
75
143
996
670
276
731
1129
1473
1125
120
1371
849
171
86
1161
2177
92
979
1375
287
161
308
326
1143
2022
26
205
851
1262
585
759
291
1347
1991
115
242
259
1874
727
26
508
2
730
384
294
83
393
419
116
603
1311
197
1466
66
931
69
2249
214
1481
599
1838
316
1612
292
318
1318
713
505
2070
1121
819
1109
202
650
1082
675
21
912
320
1929
259
112
110
3041
419
1411
75
143
996
670
276
731
1129
1473
1125
120
1371
849
171
86
1161
2177
92
979
1375
287
161
308
326
1143
2022
26
205
851
1262
585
759
291
1347
1991
115
242
259
1874
727
26
508
2
730
384
294
83
393
419
116
603
1311
197
1466
66
931
69
2249
214
1481
599
1838
316
1612
292
318
1318
713
505
2070
1121
819
1109
202
650
1082
675
21
912
320
1929
259
112
110
3041
419
1411
75
143
996
670
276
731
1129
1473
1125
120
1371
849
171
86
1161
2177
92
979
1375
287
161
308
326
1143
2022
26
205
851
1262
585
759
291
1347
1991
115
242
259
1874
727
26
508
2
730
384
294
83
393
419
116
603
1311
197
1466
66
931
69
2249
214
1481
599
1838
316
1612
292
318
1318
713
505
2070
1121
819
1109
202
650
1082
675
21
912
320
1929
259
112
110
3041
419
1411
75
143
996
670
276
731
1129
1473
1125
120
1371
849
171
86
1161
2177
92
979
1375
287
161
308
326
1143
2022
26
205
851
1262
585
759
291
1347
1991
115
242
259
1874
727
26
508
2
730
384
294
83
393
419
116
603
1311
197
1466
66
931
69
2249
214
1481
599
1838
316
1612
292
318
1318
713
505
2070
1121
819
1109
202
650
1082
675
21
912
320
1929
259
112
110
3041
419
1411
75
143
996
670
276
731
1129
1473
1125
120
1371
849
171
86
1161
2177
92
979
1375
287
161
308
326
1143
2022
26
205
851
1262
585
759
291
1347
1991
115
242
259
1874
727
26
508
2
730
384
294
83
393
419
116
603
1311
197
1466
66
931
69
2249
214
1481
599
1838
316
1612
292
318
1318
713
505
2070
1121
819
1109
202
650
1082
675
21
912
320
1929
259
112
110
3041
419
1411
75
143
996
670
276
731
1129
1473
1125
120
1371
849
171
86
1161
2177
92
979
1375
287
161
308
326
1143
2022
26
205
851
1262
585
759
291
1347
1991
115
242
259
1874
727
26
508
2
730
384
294
83
393
419
116
603
1311
197
1466
66
931
69
2249
214
1481
599
1838
316
1612
292
318
1318
713
505
2070
1121
819
1109
202
650
1082
675
21
912
320
1929
259
112
110
3041
419
1411
75
143
996
670
276
731
1129
1473
1125
120
1371
849
171
86
1161
2177
92
979
1375
287
161
308
326
1143
2022
26
205
851
1262
585
759
291
1347
1991
115
242
259
1874
727
26
508
2
730
384
294
83
393
419
116
603
1311
197
1466
66
931
69
2249
214
1481
599
1838
316
1612
292
318
1318
713
505
2070
1121
819
1109
202
650
1082
675
21
912
320
1929
259
112
110
3041
419
1411
75
143
996
670
276
731
1129
1473
1125
120
1371
849
171
86
1161
2177
92
979
1375
287
161
308
326
1143
2022
26
205
851
1262
585
759
291
1347
1991
115
242
259
1874
727
26
508
2
730
384
294
83
393
419
116
603
1311
197
1466
66
931
69
2249
214
1481
599
1838
316
1612
292
318
1318
713
505
2070
1121
819
1109
202
650
1082
675
21
912
320
1929
259
112
110
3041
419
1411
75
143
996
670
276
731
1129
1473
1125
120
1371
849
171
86
1161
2177
92
979
1375
287
161
308
326
1143
2022
26
205
851
1262
585
759
291
1347
1991
115
242
259
1874
727
26
508
2
730
384
294
83
393
419
116
603
1311
197
1466
66
931
69
2249
214
1481
599
1838
316
1612
292
318
1318
713
505
2070
1121
819
1109
202
650
1082
675
21
912
320
1929
259
112
110
3041
419
1411
75
143
996
670
276
731
1129
1473
1125
120
1371
849
171
86
1161
2177
92
979
1375
287
161
308
326
1143
2022
26
205
851
1262
585
759
291
1347
1991
115
242
259
1874
727
26
508
2
730
384
294
83
393
419
116
603
1311
197
1466
66
931
69
2249
214
1481
599
1838
316
1612
292
318
1318
713
505
2070
1121
819
1109
202
650
1082
675
21
912
320
1929
259
112
110
3041
419
1411
75
143
996
670
276
731
1129
1473
1125
120
1371
849
171
86
1161
2177
92
979
1375
287
161
308
326
1143
2022
26
205
851
1262
585
759
291
1347
1991
115
242
259
1874
727
26
508
2
730
384
294
83
393
419
116
603
1311
197
1466
66
931
69
2249
214
1481
599
1838
316
1612
292
318
1318
713
505
2070
1121
819
1109
202
650
1082
675
21
912
320
1929
259
112
110
3041
419
1411
75
143
996
670
276
731
1129
1473
1125
120
1371
849
171
86
1161
2177
92
979
1375
287
161
308
326
1143
2022
26
205
851
1262
585
759
291
1347
1991
115
242
259
1874
727
26
508
2
730
384
294
83
393
419
116
603
1311
197
1466
66
931
69
2249
214
1481
599
1838
316
1612
292
318
1318
713
505
2070
1121
819
1109
202
650
1082
675
21
912
320
1929
259
112
110
3041
419
1411
75
143
996
670
276
731
1129
1473
1125
120
1371
849
171
86
1161
2177
92
979
1375
287
161
308
326
1143
2022
26
205
851
1262
585
759
291
1347
1991
115
242
259
1874
727
26
508
2
730
384
294
83
393
419
116
603
1311
197
1466
66
931
69
2249
214
1481
599
1838
316
1612
292
318
1318
713
505
2070
1121
819
1109
202
650
1082
675
21
912
320
1929
259
112
110
3041
419
1411
75
143
996
670
276
731
1129
1473
1125
120
1371
849
171
86
1161
2177
92
979
1375
287
161
308
326
1143
2022
26
205
851
1262
585
759
291
1347
1991
115
242
259
1874
727
26
508
2
730
384
294
83
393
419
116
603
1311
197
1466
66
931
69
2249
214
1481
599
1838
316
1612
292
318
1318
713
505
2070
1121
819
1109
202
650
1082
675
21
912
320
1929
259
112
110
3041
419
1411
75
143
996
670
276
731
1129
1473
1125
120
1371
849
171
86
1161
2177
92
979
1375
287
161
308
326
1143
2022
26
205
851
1262
585
759
291
1347
1991
115
242
259
1874
727
26
508
2
730
384
294
83
393
419
116
603
1311
197
1466
66
931
69
2249
214
1481
599
1838
316
1612
292
318
1318
713
505
2070
1121
819
1109
202
650
1082
675
21
912
320
1929
259
112
110
3041
419
1411
75
143
996
670
276
731
1129
1473
1125
120
1371
849
171
86
1161
2177
92
979
1375
287
161
308
326
1143
2022
26
205
851
1262
585
759
291
1347
1991
115
242
259
1874
727
26
508
2
730
384
294
83
393
419
116
603
1311
197
1466
66
931
69
2249
214
1481
599
1838
316
1612
292
318
1318
713
505
2070
1121
819
1109
202
650
1082
675
21
912
320
1929
259
112
110
3041
419
1411
75
143
996
670
276
731
1129
1473
1125
120
1371
849
171
86
1161
2177
92
979
1375
287
161
308
326
1143
2022
26
205
851
1262
585
759
291
1347
1991
115
242
259
1874
727
26
508
2
730
384
294
83
393
419
116
603
1311
197
1466
66
931
69
2249
214
1481
599
1838
316
1612
292
318
1318
713
505
2070
1121
819
1109
202
650
1082
675
21
912
320
1929
259
112
110
3041
419
1411
75
143
996
670
276
731
1129
1473
1125
120
1371
849
171
86
1161
2177
92
979
1375
287
161
308
326
1143
2022
26
205
851
1262
585
759
291
1347
1991
115
242
259
1874
727
26
508
2
730
384
294
83
393
419
116
603
1311
197
1466
66
931
69
2249
214
1481
599
1838
316
1612
292
318
1318
713
505
2070
1121
819
1109
202
650
1082
675
21
912
320
1929
259
112
110
3041
419
1411
75
143
996
670
276
731
1129
1473
1125
120
1371
849
171
86
1161
2177
92
979
1375
287
161
308
326
1143
2022
26
205
851
1262
585
759
291
1347
1991
115
242
259
1874
727
26
508
2
730
384
294
83
393
419
116
603
1311
197
1466
66
931
69
2249
214
1481
599
1838
316
1612
292
318
1318
713
505
2070
1121
819
1109
202
650
1082
675
21
912
320
1929
259
112
110
3041
419
1411
75
143
996
670
276
731
1129
1473
1125
120
1371
849
171
86
1161
2177
92
979
1375
287
161
308
326
1143
2022
26
205
851
1262
585
759
291
1347
1991
115
242
259
1874
727
26
508
2
730
384
294
83
393
419
116
603
1311
197
1466
66
931
69
2249
214
1481
599
1838
316
1612
292
318
1318
713
505
2070
1121
819
1109
202
650
1082
675
21
912
320
1929
259
112
110
3041
419
1411
75
143
996
670
276
731
1129
1473
1125
120
1371
849
171
86
1161
2177
92
979
1375
287
161
308
326
1143
2022
26
205
851
1262
585
759
291
1347
1991
115
242
259
1874
727
26
508
2
730
384
294
83
393
419
116
603
1311
197
1466
66
931
69
2249
214
1481
599
1838
316
1612
292
318
1318
713
505
2070
1121
819
1109
202
650
1082
675
21
912
320
1929
259
112
110
3041
419
1411
75
143
996
670
276
731
1129
1473
1125
120
1371
849
171
86
1161
2177
92
979
1375
287
161
308
326
1143
2022
26
205
851
1262
585
759
291
1347
1991
115
242
259
1874
727
26
508
2
730
384
294
83
393
419
116
603
1311
197
1466
66
931
69
2249
214
1481
599
1838
316
1612
292
318
1318
713
505
2070
1121
819
1109
202
650
1082
675
21
912
320
1929
259
112
110
3041
419
1411
75
143
996
670
276
731
1129
1473
1125
120
1371
849
171
86
1161
2177
92
979
1375
287
161
308
326
1143
2022
26
205
851
1262
585
759
291
1347
1991
115
242
259
1874
727
26
508
2
730
384
294
83
393
419
116
603
1311
197
1466
66
931
69
2249
214
1481
599
1838
316
1612
292
318
1318
713
505
2070
1121
819
1109
202
650
1082
675
21
912
320
1929
259
112
110
3041
419
1411
75
143
996
670
276
731
1129
1473
1125
120
1371
849
171
86
1161
2177
92
979
1375
287
161
308
326
1143
2022
26
205
851
1262
585
759
291
1347
1991
115
242
259
1874
727
26
508
2
730
384
294
83
393
419
116
603
1311
197
1466
66
931
69
2249
214
1481
599
1838
316
1612
292
318
1318
713
505
2070
1121
819
1109
202
650
1082
675
21
912
320
1929
259
112
110
3041
419
1411
75
143
996
670
276
731
1129
1473
1125
120
1371
849
171
86
1161
2177
92
979
1375
287
161
308
326
1143
2022
26
205
851
1262
585
759
291
1347
1991
115
242
259
1874
727
26
508
2
730
384
294
83
393
419
116
603
1311
197
1466
66
931
69
2249
214
1481
599
1838
316
1612
292
318
1318
713
505
2070
1121
819
1109
202
650
1082
675
21
912
320
1929
259
112
110
3041
419
1411
75
143
996
670
276
731
1129
1473
1125
120
1371
849
171
86
1161
2177
92
979
1375
287
161
308
326
1143
2022
26
205
851
1262
585
759
291
1347
1991
115
242
259
1874
727
26
508
2
730
384
294
83
393
419
116
603
1311
197
1466
66
931
69
2249
214
1481
599
1838
316
1612
292
318
1318
713
505
2070
1121
819
1109
202
650
1082
675
21
912
320
1929
259
112
110
3041
419
1411
75
143
996
670
276
731
1129
1473
1125
120
1371
849
171
86
1161
2177
92
979
1375
287
161
308
326
1143
2022
26
205
851
1262
585
759
291
1347
1991
115
242
259
1874
727
26
508
2
730
384
294
83
393
419
116
603
1311
197
1466
66
931
69
2249
214
1481
599
1838
316
1612
292
318
1318
713
505
2070
1121
819
1109
202
650
1082
675
21
912
320
1929
259
112
110
3041
419
1411
75
143
996
670
276
731
1129
1473
1125
120
1371
849
171
86
1161
2177
92
979
1375
287
161
308
326
1143
2022
26
205
851
1262
585
759
291
1347
1991
115
242
259
1874
727
26
508
2
730
384
294
83
393
419
116
603
1311
197
1466
66
931
69
2249
214
1481
599
1838
316
1612
292
318
1318
713
505
2070
1121
819
1109
202
650
1082
675
21
912
320
1929
259
112
110
3041
419
1411
75
143
996
670
276
731
1129
1473
1125
120
1371
849
171
86
1161
2177
92
979
1375
287
161
308
326
1143
2022
26
205
851
1262
585
759
291
1347
1991
115
242
259
1874
727
26
508
2
730
384
294
83
393
419
116
603
1311
197
1466
66
931
69
2249
214
1481
599
1838
316
1612
292
318
1318
713
505
2070
1121
819
1109
202
650
1082
675
21
912
320
1929
259
112
110
3041
419
1411
75
143
996
670
276
731
1129
1473
1125
120
1371
849
171
86
1161
2177
92
979
1375
287
161
308
326
1143
2022
26
205
851
1262
585
759
291
1347
1991
115
242
259
1874
727
26
508
2
730
384
294
83
393
419
116
603
1311
197
1466
66
931
69
2249
214
1481
599
1838
316
1612
292
318
1318
713
505
2070
1121
819
1109
202
650
1082
675
21
912
320
1929
259
112
110
3041
419
1411
75
143
996
670
276
731
1129
1473
1125
120
1371
849
171
86
1161
2177
92
979
1375
287
161
308
326
1143
2022
26
205
851
1262
585
759
291
1347
1991
115
242
259
1874
727
26
508
2
730
384
294
83
393
419
116
603
1311
197
1466
66
931
69
2249
214
1481
599
1838
316
1612
292
318
1318
713
505
2070
1121
819
1109
202
650
1082
675
21
912
320
1929
259
112
110
3041
419
1411
75
143
996
670
276
731
1129
1473
1125
120
1371
849
171
86
1161
2177
92
979
1375
287
161
308
326
1143
2022
26
205
851
1262
585
759
291
1347
1991
115
242
259
1874
727
26
508
2
730
384
294
83
393
419
116
603
1311
197
1466
66
931
69
2249
214
1481
599
1838
316
1612
292
318
1318
713
505
2070
1121
819
1109
202
650
1082
675
21
912
320
1929
259
112
110
3041
419
1411
75
143
996
670
276
731
1129
1473
1125
120
1371
849
171
86
1161
2177
92
979
1375
287
161
308
326
1143
2022
26
205
851
1262
585
759
291
1347
1991
115
242
259
1874
727
26
508
2
730
384
294
83
393
419
116
603
1311
197
1466
66
931
69
2249
214
1481
599
1838
316
1612
292
318
1318
713
505
2070
1121
819
1109
202
650
1082
675
21
912
320
1929
259
112
110
3041
419
1411
75
143
996
670
276
731
1129
1473
1125
120
1371
849
171
86
1161
2177
92
979
1375
287
161
308
326
1143
2022
26
205
851
1262
585
759
291
1347
1991
115
242
259
1874
727
26
508
2
730
384
294
83
393
419
116
603
1311
197
1466
66
931
69
2249
214
1481
599
1838
316
1612
292
318
1318
713
505
2070
1121
819
1109
202
650
1082
675
21
912
320
1929
259
112
110
3041
419
1411
75
143
996
670
276
731
1129
1473
1125
120
1371
849
171
86
1161
2177
92
979
1375
287
161
308
326
1143
2022
26
205
851
1262
585
759
291
1347
1991
115
242
259
1874
727
26
508
2
730
384
294
83
393
419
116
603
1311
197
1466
66
931
69
2249
214
1481
599
1838
316
1612
292
318
1318
713
505
2070
1121
819
1109
202
650
1082
675
21
912
320
1929
259
112
110
3041
419
1411
75
143
996
670
276
731
1129
1473
1125
120
1371
849
171
86
1161
2177
92
979
1375
287
161
308
326
1143
2022
26
205
851
1262
585
759
291
1347
1991
115
242
259
1874
727
26
508
2
730
384
294
83
393
419
116
603
1311
197
1466
66
931
69
2249
214
1481
599
1838
316
1612
292
318
1318
713
505
2070
1121
819
1109
202
650
1082
675
21
912
320
1929
259
112
110
3041
419
1411
75
143
996
670
276
731
1129
1473
1125
120
1371
849
171
86
1161
2177
92
979
1375
287
161
308
326
1143
2022
26
205
851
1262
585
759
291
1347
1991
115
242
259
1874
727
26
508
2
730
384
294
83
393
419
116
603
1311
197
1466
66
931
69
2249
214
1481
599
1838
316
1612
292
318
1318
713
505
2070
1121
819
1109
202
650
1082
675
21
912
320
1929
259
112
110
3041
419
1411
75
143
996
670
276
731
1129
1473
1125
120
1371
849
171
86
1161
2177
92
979
1375
287
161
308
326
1143
2022
26
205
851
1262
585
759
291
1347
1991
115
242
259
1874
727
26
508
2
730
384
294
83
393
419
116
603
1311
197
1466
66
931
69
2249
214
1481
599
1838
316
1612
292
318
1318
713
505
2070
1121
819
1109
202
650
1082
675
21
912
320
1929
259
112
110
3041
419
1411
75
143
996
670
276
731
1129
1473
1125
120
1371
849
171
86
1161
2177
92
979
1375
287
161
308
326
1143
2022
26
205
851
1262
585
759
291
1347
1991
115
242
259
1874
727
26
508
2
730
384
294
83
393
419
116
603
1311
197
1466
66
931
69
2249
214
1481
599
1838
316
1612
292
318
1318
713
505
2070
1121
819
1109
202
650
1082
675
21
912
320
1929
259
112
110
3041
419
1411
75
143
996
670
276
731
1129
1473
1125
120
1371
849
171
86
1161
2177
92
979
1375
287
161
308
326
1143
2022
26
205
851
1262
585
759
291
1347
1991
115
242
259
1874
727
26
508
2
730
384
294
83
393
419
116
603
1311
197
1466
66
931
69
2249
214
1481
599
1838
316
1612
292
318
1318
713
505
2070
1121
819
1109
202
650
1082
675
21
912
320
1929
259
112
110
3041
419
1411
75
143
996
670
276
731
1129
1473
1125
120
1371
849
171
86
1161
2177
92
979
1375
287
161
308
326
1143
2022
26
205
851
1262
585
759
291
1347
1991
115
242
259
1874
727
26
508
2
730
384
294
83
393
419
116
603
1311
197
1466
66
931
69
2249
214
1481
599
1838
316
1612
292
318
1318
713
505
2070
1121
819
1109
202
650
1082
675
21
912
320
1929
259
112
110
3041
419
1411
75
143
996
670
276
731
1129
1473
1125
120
1371
849
171
86
1161
2177
92
979
1375
287
161
308
326
1143
2022
26
205
851
1262
585
759
291
1347
1991
115
242
259
1874
727
26
508
2
730
384
294
83
393
419
116
603
1311
197
1466
66
931
69
2249
214
1481
599
1838
316
1612
292
318
1318
713
505
2070
1121
819
1109
202
650
1082
675
21
912
320
1929
259
112
110
3041
419
1411
75
143
996
670
276
731
1129
1473
1125
120
1371
849
171
86
1161
2177
92
979
1375
287
161
308
326
1143
2022
26
205
851
1262
585
759
291
1347
1991
115
242
259
1874
727
26
508
2
730
384
294
83
393
419
116
603
1311
197
1466
66
931
69
2249
214
1481
599
1838
316
1612
292
318
1318
713
505
2070
1121
819
1109
202
650
1082
675
21
912
320
1929
259
112
110
3041
419
1411
75
143
996
670
276
731
1129
1473
1125
120
1371
849
171
86
1161
2177
92
979
1375
287
161
308
326
1143
2022
26
205
851
1262
585
759
291
1347
1991
115
242
259
1874
727
26
508
2
730
384
294
83
393
419
116
603
1311
197
1466
66
931
69
2249
214
1481
599
1838
316
1612
292
318
1318
713
505
2070
1121
819
1109
202
650
1082
675
21
912
320
1929
259
112
110
3041
419
1411
75
143
996
670
276
731
1129
1473
1125
120
1371
849
171
86
1161
2177
92
979
1375
287
161
308
326
1143
2022
26
205
851
1262
585
759
291
1347
1991
115
242
259
1874
727
26
508
2
730
384
294
83
393
419
116
603
1311
197
1466
66
931
69
2249
214
1481
599
1838
316
1612
292
318
1318
713
505
2070
1121
819
1109
202
650
1082
675
21
912
320
1929
259
112
110
3041
419
1411
75
143
996
670
276
731
1129
1473
1125
120
1371
849
171
86
1161
2177
92
979
1375
287
161
308
326
1143
2022
26
205
851
1262
585
759
291
1347
1991
115
242
259
1874
727
26
508
2
730
384
294
83
393
419
116
603
1311
197
1466
66
931
69
2249
214
1481
599
1838
316
1612
292
318
1318
713
505
2070
1121
819
1109
202
650
1082
675
21
912
320
1929
259
112
110
3041
419
1411
75
143
996
670
276
731
1129
1473
1125
120
1371
849
171
86
1161
2177
92
979
1375
287
161
308
326
1143
2022
26
205
851
1262
585
759
291
1347
1991
115
242
259
1874
727
26
508
2
730
384
294
83
393
419
116
603
1311
197
1466
66
931
69
2249
214
1481
599
1838
316
1612
292
318
1318
713
505
2070
1121
819
1109
202
650
1082
675
21
912
320
1929
259
112
110
3041
419
1411
75
143
996
670
276
731
1129
1473
1125
120
1371
849
171
86
1161
2177
92
979
1375
287
161
308
326
1143
2022
26
205
851
1262
585
759
291
1347
1991
115
242
259
1874
727
26
508
2
730
384
294
83
393
419
116
603
1311
197
1466
66
931
69
2249
214
1481
599
1838
316
1612
292
318
1318
713
505
2070
1121
819
1109
202
650
1082
675
21
912
320
1929
259
112
110
3041
419
1411
75
143
996
670
276
731
1129
1473
1125
120
1371
849
171
86
1161
2177
92
979
1375
287
161
308
326
1143
2022
26
205
851
1262
585
759
291
1347
1991
115
242
259
1874
727
26
508
2
730
384
294
83
393
419
116
603
1311
197
1466
66
931
69
2249
214
1481
599
1838
316
1612
292
318
1318
713
505
2070
1121
819
1109
202
650
1082
675
21
912
320
1929
259
112
110
3041
419
1411
75
143
996
670
276
731
1129
1473
1125
120
1371
849
171
86
1161
2177
92
979
1375
287
161
308
326
1143
2022
26
205
851
1262
585
759
291
1347
1991
115
242
259
1874
727
26
508
2
730
384
294
83
393
419
116
603
1311
197
1466
66
931
69
2249
214
1481
599
1838
316
1612
292
318
1318
713
505
2070
1121
819
1109
202
650
1082
675
21
912
320
1929
259
112
110
3041
419
1411
75
143
996
670
276
731
1129
1473
1125
120
1371
849
171
86
1161
2177
92
979
1375
287
161
308
326
1143
2022
26
205
851
1262
585
759
291
1347
1991
115
242
259
1874
727
26
508
2
730
384
294
83
393
419
116
603
1311
197
1466
66
931
69
2249
214
1481
599
1838
316
1612
292
318
1318
713
505
2070
1121
819
1109
202
650
1082
675
21
912
320
1929
259
112
110
3041
419
1411
75
143
996
670
276
731
1129
1473
1125
120
1371
849
171
86
1161
2177
92
979
1375
287
161
308
326
1143
2022
26
205
851
1262
585
759
291
1347
1991
115
242
259
1874
727
26
508
2
730
384
294
83
393
419
116
603
1311
197
1466
66
931
69
2249
214
1481
599
1838
316
1612
292
318
1318
713
505
2070
1121
819
1109
202
650
1082
675
21
912
320
1929
259
112
110
3041
419
1411
75
143
996
670
276
731
1129
1473
1125
120
1371
849
171
86
1161
2177
92
979
1375
287
161
308
326
1143
2022
26
205
851
1262
585
759
291
1347
1991
115
242
259
1874
727
26
508
2
730
384
294
83
393
419
116
603
1311
197
1466
66
931
69
2249
214
1481
599
1838
316
1612
292
318
1318
713
505
2070
1121
819
1109
202
650
1082
675
21
912
320
1929
259
112
110
3041
419
1411
75
143
996
670
276
731
1129
1473
1125
120
1371
849
171
86
1161
2177
92
979
1375
287
161
308
326
1143
2022
26
205
851
1262
585
759
291
1347
1991
115
242
259
1874
727
26
508
2
730
384
294
83
393
419
116
603
1311
197
1466
66
931
69
2249
214
1481
599
1838
316
1612
292
318
1318
713
505
2070
1121
819
1109
202
650
1082
675
21
912
320
1929
259
112
110
3041
419
1411
75
143
996
670
276
731
1129
1473
1125
120
1371
849
171
86
1161
2177
92
979
1375
287
161
308
326
1143
2022
26
205
851
1262
585
759
291
1347
1991
115
242
259
1874
727
26
508
2
730
384
294
83
393
419
116
603
1311
197
1466
66
931
69
2249
214
1481
599
1838
316
1612
292
318
1318
713
505
2070
1121
819
1109
202
650
1082
675
21
912
320
1929
259
112
110
3041
419
1411
75
143
996
670
276
731
1129
1473
1125
120
1371
849
171
86
1161
2177
92
979
1375
287
161
308
326
1143
2022
26
205
851
1262
585
759
291
1347
1991
115
242
259
1874
727
26
508
2
730
384
294
83
393
419
116
603
1311
197
1466
66
931
69
2249
214
1481
599
1838
316
1612
292
318
1318
713
505
2070
1121
819
1109
202
650
1082
675
21
912
320
1929
259
112
110
3041
419
1411
75
143
996
670
276
731
1129
1473
1125
120
1371
849
171
86
1161
2177
92
979
